"timeMillisSpent","score"
81,"0hard/-1137medium/-10soft"
83,"0hard/-1136medium/-180soft"
88,"0hard/-1135medium/-180soft"
90,"0hard/-1134medium/-180soft"
92,"0hard/-1134medium/-10soft"
94,"0hard/-1134medium/-9soft"
98,"0hard/-1133medium/-9soft"
105,"0hard/-1132medium/-9soft"
109,"0hard/-1131medium/-9soft"
112,"0hard/-1130medium/-9soft"
117,"0hard/-1129medium/-9soft"
128,"0hard/-1128medium/-9soft"
129,"0hard/-1128medium/1soft"
133,"0hard/-1128medium/11soft"
134,"0hard/-1127medium/31soft"
155,"0hard/-1126medium/31soft"
157,"0hard/-1125medium/31soft"
162,"0hard/-1125medium/51soft"
164,"0hard/-1124medium/51soft"
169,"0hard/-1123medium/-119soft"
173,"0hard/-1123medium/51soft"
180,"0hard/-1122medium/51soft"
183,"0hard/-1121medium/51soft"
189,"0hard/-1121medium/62soft"
191,"0hard/-1121medium/83soft"
193,"0hard/-1121medium/84soft"
197,"0hard/-1120medium/84soft"
198,"0hard/-1119medium/84soft"
201,"0hard/-1119medium/94soft"
203,"0hard/-1118medium/94soft"
205,"0hard/-1117medium/94soft"
208,"0hard/-1116medium/94soft"
212,"0hard/-1115medium/94soft"
214,"0hard/-1114medium/-76soft"
219,"0hard/-1114medium/-56soft"
221,"0hard/-1114medium/-15soft"
224,"0hard/-1114medium/5soft"
227,"0hard/-1114medium/175soft"
229,"0hard/-1114medium/205soft"
234,"0hard/-1114medium/216soft"
237,"0hard/-1114medium/246soft"
241,"0hard/-1114medium/286soft"
245,"0hard/-1114medium/336soft"
257,"0hard/-1113medium/336soft"
260,"0hard/-1112medium/166soft"
269,"0hard/-1112medium/336soft"
273,"0hard/-1112medium/347soft"
276,"0hard/-1111medium/347soft"
279,"0hard/-1111medium/397soft"
298,"0hard/-1111medium/408soft"
307,"0hard/-1110medium/408soft"
310,"0hard/-1109medium/238soft"
314,"0hard/-1108medium/238soft"
323,"0hard/-1107medium/69soft"
327,"0hard/-1107medium/70soft"
330,"0hard/-1107medium/284soft"
334,"0hard/-1107medium/294soft"
344,"0hard/-1106medium/124soft"
353,"0hard/-1106medium/292soft"
356,"0hard/-1105medium/122soft"
359,"0hard/-1105medium/152soft"
363,"0hard/-1105medium/154soft"
365,"0hard/-1105medium/324soft"
375,"0hard/-1105medium/335soft"
379,"0hard/-1105medium/345soft"
385,"0hard/-1105medium/385soft"
388,"0hard/-1104medium/215soft"
390,"0hard/-1103medium/45soft"
400,"0hard/-1103medium/56soft"
404,"0hard/-1103medium/246soft"
414,"0hard/-1102medium/76soft"
424,"0hard/-1102medium/246soft"
428,"0hard/-1101medium/246soft"
432,"0hard/-1100medium/246soft"
435,"0hard/-1100medium/306soft"
439,"0hard/-1100medium/307soft"
443,"0hard/-1099medium/307soft"
449,"0hard/-1098medium/307soft"
454,"0hard/-1098medium/318soft"
458,"0hard/-1098medium/319soft"
462,"0hard/-1098medium/320soft"
465,"0hard/-1098medium/331soft"
477,"0hard/-1098medium/341soft"
481,"0hard/-1098medium/351soft"
485,"0hard/-1098medium/371soft"
489,"0hard/-1097medium/371soft"
501,"0hard/-1097medium/381soft"
505,"0hard/-1097medium/387soft"
509,"0hard/-1096medium/217soft"
513,"0hard/-1096medium/397soft"
523,"0hard/-1096medium/437soft"
553,"0hard/-1095medium/267soft"
557,"0hard/-1094medium/267soft"
561,"0hard/-1093medium/263soft"
565,"0hard/-1093medium/463soft"
575,"0hard/-1093medium/533soft"
579,"0hard/-1092medium/533soft"
600,"0hard/-1091medium/532soft"
604,"0hard/-1091medium/556soft"
609,"0hard/-1090medium/386soft"
613,"0hard/-1090medium/457soft"
618,"0hard/-1090medium/537soft"
623,"0hard/-1090medium/557soft"
635,"0hard/-1090medium/722soft"
640,"0hard/-1090medium/741soft"
646,"0hard/-1089medium/741soft"
651,"0hard/-1089medium/831soft"
662,"0hard/-1089medium/872soft"
666,"0hard/-1089medium/903soft"
678,"0hard/-1088medium/903soft"
682,"0hard/-1087medium/903soft"
687,"0hard/-1087medium/904soft"
694,"0hard/-1087medium/995soft"
699,"0hard/-1087medium/1085soft"
705,"0hard/-1086medium/915soft"
708,"0hard/-1086medium/1095soft"
714,"0hard/-1086medium/1185soft"
725,"0hard/-1086medium/1190soft"
730,"0hard/-1085medium/1190soft"
734,"0hard/-1085medium/1360soft"
741,"0hard/-1085medium/1460soft"
745,"0hard/-1085medium/1570soft"
760,"0hard/-1085medium/1610soft"
764,"0hard/-1084medium/1610soft"
771,"0hard/-1084medium/1730soft"
775,"0hard/-1084medium/1791soft"
781,"0hard/-1084medium/1796soft"
785,"0hard/-1084medium/1807soft"
790,"0hard/-1084medium/1818soft"
807,"0hard/-1083medium/1648soft"
818,"0hard/-1083medium/1659soft"
824,"0hard/-1083medium/1829soft"
834,"0hard/-1083medium/1840soft"
857,"0hard/-1082medium/1840soft"
863,"0hard/-1082medium/1851soft"
881,"0hard/-1081medium/1681soft"
894,"0hard/-1081medium/1711soft"
899,"0hard/-1080medium/1541soft"
906,"0hard/-1080medium/1711soft"
912,"0hard/-1079medium/1711soft"
919,"0hard/-1079medium/1721soft"
925,"0hard/-1079medium/1732soft"
943,"0hard/-1078medium/1732soft"
949,"0hard/-1078medium/1742soft"
960,"0hard/-1078medium/1804soft"
967,"0hard/-1078medium/1973soft"
973,"0hard/-1078medium/1997soft"
979,"0hard/-1077medium/1997soft"
985,"0hard/-1077medium/2117soft"
991,"0hard/-1077medium/2118soft"
996,"0hard/-1076medium/2118soft"
1007,"0hard/-1075medium/1948soft"
1013,"0hard/-1075medium/1949soft"
1030,"0hard/-1075medium/2088soft"
1037,"0hard/-1075medium/2249soft"
1043,"0hard/-1074medium/2079soft"
1049,"0hard/-1074medium/2089soft"
1056,"0hard/-1074medium/2099soft"
1069,"0hard/-1074medium/2269soft"
1075,"0hard/-1074medium/2270soft"
1082,"0hard/-1074medium/2600soft"
1088,"0hard/-1074medium/2601soft"
1101,"0hard/-1074medium/2631soft"
1110,"0hard/-1074medium/2655soft"
1116,"0hard/-1073medium/2485soft"
1123,"0hard/-1073medium/2505soft"
1130,"0hard/-1073medium/2672soft"
1136,"0hard/-1072medium/2672soft"
1142,"0hard/-1072medium/2682soft"
1155,"0hard/-1072medium/2683soft"
1161,"0hard/-1072medium/2686soft"
1168,"0hard/-1071medium/2686soft"
1180,"0hard/-1071medium/2687soft"
1198,"0hard/-1071medium/2698soft"
1204,"0hard/-1071medium/2709soft"
1217,"0hard/-1070medium/2709soft"
1223,"0hard/-1070medium/2749soft"
1230,"0hard/-1070medium/2754soft"
1237,"0hard/-1070medium/2784soft"
1244,"0hard/-1070medium/2794soft"
1272,"0hard/-1070medium/2805soft"
1280,"0hard/-1070medium/2845soft"
1288,"0hard/-1069medium/2845soft"
1294,"0hard/-1068medium/2675soft"
1301,"0hard/-1068medium/2846soft"
1310,"0hard/-1068medium/2859soft"
1317,"0hard/-1067medium/2858soft"
1332,"0hard/-1067medium/2869soft"
1339,"0hard/-1067medium/2899soft"
1346,"0hard/-1067medium/2900soft"
1359,"0hard/-1066medium/2900soft"
1366,"0hard/-1066medium/2912soft"
1386,"0hard/-1066medium/2952soft"
1406,"0hard/-1066medium/3032soft"
1412,"0hard/-1066medium/3202soft"
1425,"0hard/-1065medium/3202soft"
1432,"0hard/-1064medium/3202soft"
1446,"0hard/-1063medium/3202soft"
1454,"0hard/-1063medium/3312soft"
1462,"0hard/-1063medium/3362soft"
1469,"0hard/-1062medium/3362soft"
1477,"0hard/-1062medium/3372soft"
1485,"0hard/-1062medium/3383soft"
1514,"0hard/-1061medium/3383soft"
1523,"0hard/-1061medium/3423soft"
1531,"0hard/-1061medium/3503soft"
1538,"0hard/-1061medium/3504soft"
1552,"0hard/-1060medium/3334soft"
1558,"0hard/-1059medium/3332soft"
1573,"0hard/-1059medium/3342soft"
1580,"0hard/-1059medium/3531soft"
1586,"0hard/-1059medium/3711soft"
1593,"0hard/-1059medium/3712soft"
1601,"0hard/-1059medium/3732soft"
1609,"0hard/-1059medium/3733soft"
1616,"0hard/-1059medium/3933soft"
1623,"0hard/-1059medium/3944soft"
1631,"0hard/-1059medium/3979soft"
1649,"0hard/-1059medium/3982soft"
1663,"0hard/-1058medium/3982soft"
1671,"0hard/-1057medium/3982soft"
1680,"0hard/-1057medium/3993soft"
1690,"0hard/-1057medium/4004soft"
1708,"0hard/-1057medium/4005soft"
1717,"0hard/-1057medium/4006soft"
1725,"0hard/-1056medium/3836soft"
1748,"0hard/-1055medium/3846soft"
1755,"0hard/-1054medium/3846soft"
1764,"0hard/-1054medium/3847soft"
1771,"0hard/-1054medium/3857soft"
1779,"0hard/-1053medium/3857soft"
1807,"0hard/-1053medium/4037soft"
1815,"0hard/-1052medium/3867soft"
1823,"0hard/-1052medium/4037soft"
1831,"0hard/-1052medium/4167soft"
1837,"0hard/-1052medium/4207soft"
1879,"0hard/-1052medium/4287soft"
1898,"0hard/-1052medium/4296soft"
1911,"0hard/-1052medium/4366soft"
1938,"0hard/-1052medium/4376soft"
1945,"0hard/-1052medium/4416soft"
1954,"0hard/-1051medium/4416soft"
1984,"0hard/-1050medium/4417soft"
1993,"0hard/-1050medium/4457soft"
2001,"0hard/-1049medium/4457soft"
2016,"0hard/-1049medium/4467soft"
2039,"0hard/-1048medium/4467soft"
2047,"0hard/-1048medium/4471soft"
2056,"0hard/-1047medium/4471soft"
2065,"0hard/-1047medium/4681soft"
2074,"0hard/-1046medium/4681soft"
2083,"0hard/-1046medium/4691soft"
2101,"0hard/-1046medium/4921soft"
2110,"0hard/-1046medium/4932soft"
2130,"0hard/-1046medium/4933soft"
2139,"0hard/-1046medium/5053soft"
2149,"0hard/-1046medium/5063soft"
2157,"0hard/-1046medium/5183soft"
2183,"0hard/-1045medium/5013soft"
2193,"0hard/-1045medium/5023soft"
2201,"0hard/-1045medium/5423soft"
2214,"0hard/-1045medium/5513soft"
2224,"0hard/-1045medium/5524soft"
2232,"0hard/-1045medium/5674soft"
2241,"0hard/-1045medium/5694soft"
2277,"0hard/-1045medium/5705soft"
2296,"0hard/-1044medium/5535soft"
2306,"0hard/-1044medium/5705soft"
2320,"0hard/-1043medium/5535soft"
2331,"0hard/-1042medium/5365soft"
2342,"0hard/-1042medium/5405soft"
2361,"0hard/-1041medium/5405soft"
2370,"0hard/-1041medium/5414soft"
2380,"0hard/-1041medium/5835soft"
2388,"0hard/-1041medium/5836soft"
2398,"0hard/-1040medium/5836soft"
2408,"0hard/-1040medium/6006soft"
2416,"0hard/-1040medium/6056soft"
2427,"0hard/-1040medium/6067soft"
2465,"0hard/-1040medium/6078soft"
2475,"0hard/-1040medium/6102soft"
2498,"0hard/-1039medium/5932soft"
2507,"0hard/-1039medium/5951soft"
2518,"0hard/-1039medium/6253soft"
2529,"0hard/-1039medium/6264soft"
2561,"0hard/-1039medium/6275soft"
2589,"0hard/-1039medium/6315soft"
2599,"0hard/-1038medium/6315soft"
2609,"0hard/-1038medium/6325soft"
2619,"0hard/-1038medium/6345soft"
2629,"0hard/-1038medium/6375soft"
2638,"0hard/-1038medium/6376soft"
2681,"0hard/-1038medium/6411soft"
2692,"0hard/-1038medium/6420soft"
2746,"0hard/-1037medium/6420soft"
2756,"0hard/-1036medium/6420soft"
2777,"0hard/-1035medium/6420soft"
2797,"0hard/-1035medium/6440soft"
2806,"0hard/-1035medium/6450soft"
2825,"0hard/-1035medium/6701soft"
2875,"0hard/-1034medium/6531soft"
2887,"0hard/-1033medium/6541soft"
2899,"0hard/-1033medium/6561soft"
2910,"0hard/-1033medium/6571soft"
2934,"0hard/-1033medium/6606soft"
2968,"0hard/-1033medium/6617soft"
2978,"0hard/-1033medium/6757soft"
3027,"0hard/-1032medium/6587soft"
3049,"0hard/-1032medium/6652soft"
3059,"0hard/-1031medium/6652soft"
3070,"0hard/-1030medium/6652soft"
3084,"0hard/-1029medium/6653soft"
3122,"0hard/-1028medium/6483soft"
3135,"0hard/-1027medium/6484soft"
3147,"0hard/-1027medium/6754soft"
3160,"0hard/-1027medium/7024soft"
3198,"0hard/-1027medium/7214soft"
3209,"0hard/-1026medium/7224soft"
3222,"0hard/-1026medium/7235soft"
3237,"0hard/-1026medium/7345soft"
3248,"0hard/-1026medium/7355soft"
3261,"0hard/-1026medium/7376soft"
3273,"0hard/-1025medium/7206soft"
3285,"0hard/-1025medium/7346soft"
3297,"0hard/-1025medium/7357soft"
3322,"0hard/-1025medium/7376soft"
3334,"0hard/-1025medium/7546soft"
3348,"0hard/-1025medium/7616soft"
3360,"0hard/-1024medium/7616soft"
3372,"0hard/-1024medium/7626soft"
3396,"0hard/-1024medium/7796soft"
3406,"0hard/-1024medium/7926soft"
3432,"0hard/-1023medium/7936soft"
3444,"0hard/-1022medium/7766soft"
3456,"0hard/-1022medium/7768soft"
3468,"0hard/-1022medium/7778soft"
3492,"0hard/-1021medium/7778soft"
3506,"0hard/-1021medium/7788soft"
3518,"0hard/-1021medium/7978soft"
3531,"0hard/-1021medium/7979soft"
3545,"0hard/-1021medium/7990soft"
3558,"0hard/-1021medium/8001soft"
3571,"0hard/-1021medium/8002soft"
3585,"0hard/-1020medium/8002soft"
3597,"0hard/-1020medium/8312soft"
3610,"0hard/-1020medium/8512soft"
3621,"0hard/-1020medium/8513soft"
3634,"0hard/-1020medium/8623soft"
3665,"0hard/-1020medium/8634soft"
3678,"0hard/-1020medium/8635soft"
3692,"0hard/-1020medium/8646soft"
3706,"0hard/-1020medium/8655soft"
3722,"0hard/-1020medium/8665soft"
3737,"0hard/-1020medium/8676soft"
3778,"0hard/-1020medium/8685soft"
3794,"0hard/-1020medium/8690soft"
3807,"0hard/-1020medium/8700soft"
3857,"0hard/-1020medium/8711soft"
3881,"0hard/-1020medium/8921soft"
3966,"0hard/-1019medium/8751soft"
3979,"0hard/-1018medium/8751soft"
4022,"0hard/-1018medium/8781soft"
4054,"0hard/-1018medium/8842soft"
4091,"0hard/-1017medium/8670soft"
4105,"0hard/-1017medium/8902soft"
4118,"0hard/-1017medium/9072soft"
4203,"0hard/-1016medium/9072soft"
4215,"0hard/-1015medium/8902soft"
4229,"0hard/-1015medium/9092soft"
4243,"0hard/-1014medium/9092soft"
4255,"0hard/-1013medium/9092soft"
4281,"0hard/-1013medium/9093soft"
4395,"0hard/-1012medium/9093soft"
4425,"0hard/-1012medium/9303soft"
4466,"0hard/-1012medium/9305soft"
4492,"0hard/-1011medium/9305soft"
4505,"0hard/-1011medium/9306soft"
4547,"0hard/-1011medium/9526soft"
4626,"0hard/-1011medium/9627soft"
4641,"0hard/-1010medium/9627soft"
4668,"0hard/-1010medium/9907soft"
4698,"0hard/-1010medium/9942soft"
4737,"0hard/-1010medium/9951soft"
4753,"0hard/-1009medium/9951soft"
4787,"0hard/-1009medium/9962soft"
4818,"0hard/-1009medium/9982soft"
4834,"0hard/-1008medium/9982soft"
4863,"0hard/-1008medium/9993soft"
4876,"0hard/-1007medium/9993soft"
4890,"0hard/-1007medium/10003soft"
4904,"0hard/-1007medium/10004soft"
4947,"0hard/-1007medium/10015soft"
4992,"0hard/-1007medium/10026soft"
5010,"0hard/-1007medium/10037soft"
5042,"0hard/-1007medium/10197soft"
5069,"0hard/-1006medium/10197soft"
5082,"0hard/-1006medium/10198soft"
5112,"0hard/-1006medium/10238soft"
5126,"0hard/-1006medium/10239soft"
5157,"0hard/-1006medium/10289soft"
5173,"0hard/-1005medium/10289soft"
5188,"0hard/-1004medium/10261soft"
5203,"0hard/-1004medium/10290soft"
5222,"0hard/-1004medium/10300soft"
5268,"0hard/-1004medium/10310soft"
5283,"0hard/-1004medium/10321soft"
5297,"0hard/-1004medium/10331soft"
5403,"0hard/-1003medium/10331soft"
5441,"0hard/-1002medium/10361soft"
5457,"0hard/-1001medium/10191soft"
5502,"0hard/-1001medium/10362soft"
5515,"0hard/-1000medium/10362soft"
5593,"0hard/-1000medium/10368soft"
5645,"0hard/-999medium/10198soft"
5678,"0hard/-998medium/10198soft"
5694,"0hard/-998medium/10237soft"
5709,"0hard/-998medium/10407soft"
5770,"0hard/-997medium/10407soft"
5826,"0hard/-997medium/10423soft"
5844,"0hard/-997medium/10433soft"
5922,"0hard/-997medium/10444soft"
5951,"0hard/-997medium/10445soft"
5966,"0hard/-996medium/10275soft"
5979,"0hard/-996medium/10565soft"
5995,"0hard/-996medium/10576soft"
6009,"0hard/-995medium/10576soft"
6026,"0hard/-994medium/10577soft"
6060,"0hard/-994medium/10747soft"
6078,"0hard/-994medium/10767soft"
6109,"0hard/-993medium/10597soft"
6124,"0hard/-992medium/10427soft"
6141,"0hard/-992medium/10647soft"
6157,"0hard/-992medium/10817soft"
6172,"0hard/-992medium/10987soft"
6187,"0hard/-992medium/11022soft"
6204,"0hard/-992medium/11072soft"
6222,"0hard/-992medium/11083soft"
6244,"0hard/-992medium/11313soft"
6262,"0hard/-991medium/11313soft"
6281,"0hard/-991medium/11613soft"
6318,"0hard/-991medium/11614soft"
6349,"0hard/-991medium/11874soft"
6380,"0hard/-990medium/11874soft"
6416,"0hard/-990medium/11898soft"
6451,"0hard/-990medium/11923soft"
6470,"0hard/-990medium/11952soft"
6600,"0hard/-989medium/11952soft"
6615,"0hard/-989medium/11992soft"
6633,"0hard/-988medium/11992soft"
6652,"0hard/-988medium/12302soft"
6672,"0hard/-988medium/12332soft"
6713,"0hard/-987medium/12333soft"
6733,"0hard/-986medium/12163soft"
6766,"0hard/-986medium/12333soft"
6800,"0hard/-986medium/12334soft"
6816,"0hard/-986medium/12344soft"
6849,"0hard/-986medium/12355soft"
6867,"0hard/-985medium/12355soft"
6887,"0hard/-985medium/12525soft"
6903,"0hard/-985medium/12540soft"
6922,"0hard/-985medium/12610soft"
6940,"0hard/-985medium/12840soft"
6957,"0hard/-985medium/13010soft"
6973,"0hard/-984medium/12984soft"
6988,"0hard/-984medium/13144soft"
7005,"0hard/-984medium/13149soft"
7025,"0hard/-984medium/13159soft"
7043,"0hard/-984medium/13505soft"
7059,"0hard/-984medium/13516soft"
7079,"0hard/-984medium/13536soft"
7120,"0hard/-983medium/13807soft"
7139,"0hard/-983medium/13827soft"
7160,"0hard/-983medium/13828soft"
7177,"0hard/-982medium/13828soft"
7213,"0hard/-982medium/13839soft"
7230,"0hard/-982medium/13849soft"
7248,"0hard/-982medium/13860soft"
7269,"0hard/-982medium/13871soft"
7289,"0hard/-981medium/13701soft"
7310,"0hard/-981medium/13742soft"
7334,"0hard/-981medium/13892soft"
7356,"0hard/-981medium/14162soft"
7377,"0hard/-981medium/14332soft"
7519,"0hard/-980medium/14332soft"
7542,"0hard/-980medium/14342soft"
7565,"0hard/-979medium/14342soft"
7583,"0hard/-979medium/14352soft"
7600,"0hard/-979medium/14412soft"
7620,"0hard/-979medium/14436soft"
7638,"0hard/-978medium/14409soft"
7670,"0hard/-978medium/14437soft"
7708,"0hard/-977medium/14438soft"
7750,"0hard/-977medium/14449soft"
7790,"0hard/-977medium/14459soft"
7824,"0hard/-977medium/14470soft"
7842,"0hard/-976medium/14300soft"
7862,"0hard/-976medium/14471soft"
7879,"0hard/-976medium/14484soft"
7897,"0hard/-976medium/14834soft"
7937,"0hard/-975medium/14834soft"
7983,"0hard/-975medium/14854soft"
8004,"0hard/-975medium/14944soft"
8022,"0hard/-974medium/14944soft"
8076,"0hard/-974medium/14955soft"
8094,"0hard/-974medium/15076soft"
8217,"0hard/-974medium/15082soft"
8254,"0hard/-974medium/15088soft"
8292,"0hard/-974medium/15099soft"
8309,"0hard/-974medium/15134soft"
8348,"0hard/-973medium/15134soft"
8394,"0hard/-973medium/15139soft"
8417,"0hard/-972medium/15139soft"
8436,"0hard/-972medium/15179soft"
8454,"0hard/-971medium/15180soft"
8473,"0hard/-971medium/15191soft"
8509,"0hard/-971medium/15202soft"
8528,"0hard/-971medium/15552soft"
8571,"0hard/-971medium/15842soft"
8618,"0hard/-970medium/15842soft"
8639,"0hard/-969medium/15842soft"
8658,"0hard/-969medium/15852soft"
8714,"0hard/-969medium/15853soft"
8750,"0hard/-968medium/15973soft"
8792,"0hard/-968medium/16343soft"
8818,"0hard/-968medium/16353soft"
8843,"0hard/-968medium/16364soft"
9002,"0hard/-967medium/16374soft"
9021,"0hard/-967medium/16398soft"
9092,"0hard/-966medium/16369soft"
9113,"0hard/-966medium/16398soft"
9281,"0hard/-966medium/16399soft"
9303,"0hard/-966medium/16410soft"
9327,"0hard/-966medium/16420soft"
9371,"0hard/-966medium/16431soft"
9393,"0hard/-965medium/16432soft"
9415,"0hard/-965medium/16452soft"
9439,"0hard/-964medium/16282soft"
9465,"0hard/-964medium/16306soft"
9524,"0hard/-964medium/16675soft"
9543,"0hard/-964medium/16677soft"
9566,"0hard/-963medium/16677soft"
9590,"0hard/-963medium/16727soft"
9612,"0hard/-962medium/16727soft"
9636,"0hard/-962medium/16898soft"
9658,"0hard/-962medium/16903soft"
9683,"0hard/-961medium/16733soft"
9704,"0hard/-961medium/16753soft"
9723,"0hard/-961medium/16764soft"
9780,"0hard/-961medium/16765soft"
9876,"0hard/-961medium/16934soft"
9944,"0hard/-961medium/17234soft"
9966,"0hard/-960medium/17234soft"
9988,"0hard/-960medium/17254soft"
10059,"0hard/-960medium/17264soft"
10197,"0hard/-960medium/17275soft"
10218,"0hard/-959medium/17275soft"
10379,"0hard/-959medium/17295soft"
10443,"0hard/-958medium/17295soft"
10517,"0hard/-958medium/17319soft"
10624,"0hard/-957medium/17319soft"
10647,"0hard/-957medium/17332soft"
10696,"0hard/-957medium/17343soft"
10785,"0hard/-957medium/17354soft"
10827,"0hard/-957medium/17364soft"
10848,"0hard/-957medium/17744soft"
10875,"0hard/-957medium/17754soft"
10904,"0hard/-957medium/17764soft"
10930,"0hard/-956medium/17904soft"
10953,"0hard/-956medium/17934soft"
10974,"0hard/-956medium/17945soft"
10996,"0hard/-956medium/17980soft"
11018,"0hard/-955medium/17980soft"
11039,"0hard/-955medium/17993soft"
11085,"0hard/-955medium/18003soft"
11109,"0hard/-954medium/17833soft"
11139,"0hard/-954medium/17844soft"
11163,"0hard/-953medium/17674soft"
11183,"0hard/-953medium/17680soft"
11205,"0hard/-953medium/17688soft"
11229,"0hard/-953medium/17699soft"
11250,"0hard/-952medium/17529soft"
11272,"0hard/-952medium/17699soft"
11293,"0hard/-952medium/17879soft"
11319,"0hard/-952medium/17907soft"
11346,"0hard/-951medium/17907soft"
11368,"0hard/-951medium/17977soft"
11398,"0hard/-951medium/18067soft"
11469,"0hard/-951medium/18357soft"
11492,"0hard/-951medium/18478soft"
11516,"0hard/-951medium/18489soft"
11544,"0hard/-951medium/18879soft"
11593,"0hard/-951medium/19279soft"
11618,"0hard/-951medium/19309soft"
11641,"0hard/-951medium/19449soft"
11666,"0hard/-951medium/19460soft"
11687,"0hard/-951medium/19470soft"
11736,"0hard/-951medium/19588soft"
11764,"0hard/-951medium/19599soft"
11795,"0hard/-951medium/19999soft"
11817,"0hard/-951medium/20010soft"
11841,"0hard/-951medium/20023soft"
11864,"0hard/-951medium/20034soft"
11886,"0hard/-950medium/19865soft"
11912,"0hard/-950medium/20034soft"
11997,"0hard/-950medium/20204soft"
12030,"0hard/-950medium/20394soft"
12076,"0hard/-949medium/20404soft"
12101,"0hard/-949medium/20415soft"
12125,"0hard/-949medium/20614soft"
12146,"0hard/-949medium/20855soft"
12172,"0hard/-949medium/20895soft"
12202,"0hard/-949medium/20906soft"
12279,"0hard/-949medium/21216soft"
12304,"0hard/-949medium/21240soft"
12349,"0hard/-949medium/21535soft"
12399,"0hard/-949medium/21548soft"
12430,"0hard/-949medium/21561soft"
12460,"0hard/-949medium/21621soft"
12484,"0hard/-949medium/21632soft"
12510,"0hard/-949medium/21643soft"
12532,"0hard/-948medium/21643soft"
12582,"0hard/-948medium/21644soft"
12609,"0hard/-948medium/21650soft"
12637,"0hard/-948medium/21661soft"
12663,"0hard/-948medium/21671soft"
12740,"0hard/-948medium/21672soft"
12766,"0hard/-948medium/21683soft"
12815,"0hard/-948medium/21707soft"
12844,"0hard/-947medium/21537soft"
12874,"0hard/-947medium/21550soft"
12959,"0hard/-946medium/21380soft"
13033,"0hard/-946medium/21760soft"
13059,"0hard/-946medium/21773soft"
13118,"0hard/-946medium/22073soft"
13141,"0hard/-945medium/21903soft"
13163,"0hard/-944medium/21903soft"
13215,"0hard/-944medium/22083soft"
13240,"0hard/-944medium/22085soft"
13270,"0hard/-944medium/22095soft"
13353,"0hard/-943medium/21926soft"
13403,"0hard/-943medium/21936soft"
13518,"0hard/-943medium/21971soft"
13543,"0hard/-943medium/22240soft"
13571,"0hard/-943medium/22415soft"
13644,"0hard/-942medium/22415soft"
13671,"0hard/-942medium/22416soft"
13761,"0hard/-942medium/22417soft"
13795,"0hard/-942medium/22418soft"
13822,"0hard/-942medium/22429soft"
13846,"0hard/-942medium/22597soft"
13873,"0hard/-941medium/22556soft"
13901,"0hard/-941medium/22597soft"
13930,"0hard/-940medium/22427soft"
13986,"0hard/-939medium/22428soft"
14011,"0hard/-939medium/22429soft"
14039,"0hard/-939medium/22751soft"
14066,"0hard/-939medium/23061soft"
14097,"0hard/-938medium/23061soft"
14131,"0hard/-938medium/23275soft"
14161,"0hard/-937medium/23275soft"
14214,"0hard/-937medium/23285soft"
14239,"0hard/-937medium/23345soft"
14300,"0hard/-936medium/23345soft"
14368,"0hard/-936medium/23356soft"
14422,"0hard/-935medium/23357soft"
14451,"0hard/-935medium/23368soft"
14533,"0hard/-935medium/23369soft"
14564,"0hard/-935medium/23779soft"
14596,"0hard/-935medium/23799soft"
14706,"0hard/-934medium/23758soft"
14735,"0hard/-934medium/23800soft"
14798,"0hard/-934medium/24120soft"
14883,"0hard/-933medium/24120soft"
14911,"0hard/-933medium/24160soft"
14942,"0hard/-933medium/24356soft"
14979,"0hard/-933medium/24367soft"
15006,"0hard/-932medium/24197soft"
15032,"0hard/-932medium/24547soft"
15087,"0hard/-932medium/24727soft"
15115,"0hard/-932medium/24748soft"
15205,"0hard/-932medium/24749soft"
15234,"0hard/-932medium/25189soft"
15262,"0hard/-932medium/25249soft"
15293,"0hard/-932medium/25649soft"
15321,"0hard/-931medium/25649soft"
15418,"0hard/-931medium/25670soft"
15447,"0hard/-931medium/25990soft"
15475,"0hard/-931medium/26192soft"
15505,"0hard/-931medium/26202soft"
15566,"0hard/-931medium/26572soft"
15598,"0hard/-931medium/26582soft"
15686,"0hard/-930medium/26413soft"
15719,"0hard/-930medium/26582soft"
15748,"0hard/-929medium/26582soft"
15784,"0hard/-928medium/26412soft"
15901,"0hard/-928medium/26432soft"
16022,"0hard/-928medium/26502soft"
16053,"0hard/-927medium/26333soft"
16084,"0hard/-927medium/26334soft"
16112,"0hard/-927medium/26354soft"
16176,"0hard/-927medium/26524soft"
16210,"0hard/-926medium/26524soft"
16244,"0hard/-925medium/26354soft"
16270,"0hard/-925medium/26784soft"
16297,"0hard/-925medium/26795soft"
16326,"0hard/-925medium/26796soft"
16357,"0hard/-925medium/27127soft"
16387,"0hard/-925medium/27137soft"
16484,"0hard/-924medium/26967soft"
16512,"0hard/-924medium/27477soft"
16542,"0hard/-924medium/27647soft"
16668,"0hard/-924medium/27908soft"
16697,"0hard/-923medium/27740soft"
16727,"0hard/-923medium/27909soft"
16756,"0hard/-922medium/27909soft"
16816,"0hard/-922medium/27949soft"
16909,"0hard/-922medium/28117soft"
16997,"0hard/-921medium/28118soft"
17026,"0hard/-920medium/28118soft"
17061,"0hard/-920medium/28378soft"
17161,"0hard/-920medium/28609soft"
17191,"0hard/-920medium/28610soft"
17294,"0hard/-919medium/28610soft"
17388,"0hard/-919medium/28889soft"
17416,"0hard/-919medium/28890soft"
17445,"0hard/-919medium/28910soft"
17644,"0hard/-919medium/28921soft"
17675,"0hard/-919medium/29243soft"
17710,"0hard/-919medium/29254soft"
17814,"0hard/-919medium/29704soft"
17846,"0hard/-918medium/30064soft"
17879,"0hard/-918medium/30114soft"
17913,"0hard/-918medium/30164soft"
18149,"0hard/-918medium/30194soft"
18187,"0hard/-918medium/30195soft"
18344,"0hard/-918medium/30206soft"
18380,"0hard/-917medium/30036soft"
18452,"0hard/-917medium/30206soft"
18515,"0hard/-917medium/30217soft"
18550,"0hard/-917medium/30228soft"
18585,"0hard/-916medium/30228soft"
18656,"0hard/-916medium/30579soft"
18719,"0hard/-916medium/30590soft"
18858,"0hard/-916medium/30640soft"
18890,"0hard/-915medium/30640soft"
19062,"0hard/-914medium/30670soft"
19098,"0hard/-914medium/30671soft"
19166,"0hard/-914medium/30682soft"
19198,"0hard/-914medium/30732soft"
19371,"0hard/-914medium/31122soft"
19575,"0hard/-913medium/31572soft"
19672,"0hard/-913medium/31583soft"
19743,"0hard/-912medium/31584soft"
19778,"0hard/-912medium/31594soft"
19814,"0hard/-911medium/31595soft"
19888,"0hard/-911medium/31605soft"
20020,"0hard/-911medium/31625soft"
20127,"0hard/-911medium/31636soft"
20223,"0hard/-910medium/31637soft"
20299,"0hard/-909medium/31637soft"
20334,"0hard/-908medium/31467soft"
20398,"0hard/-907medium/31297soft"
20463,"0hard/-907medium/31467soft"
20569,"0hard/-907medium/31637soft"
20703,"0hard/-906medium/31637soft"
20743,"0hard/-906medium/31696soft"
20775,"0hard/-906medium/31756soft"
20977,"0hard/-906medium/31757soft"
21079,"0hard/-905medium/31757soft"
21154,"0hard/-905medium/31758soft"
21361,"0hard/-905medium/31759soft"
21394,"0hard/-905medium/31770soft"
21459,"0hard/-905medium/32160soft"
21493,"0hard/-905medium/32161soft"
21633,"0hard/-904medium/31992soft"
21782,"0hard/-903medium/31993soft"
21814,"0hard/-903medium/32053soft"
21847,"0hard/-903medium/32093soft"
21880,"0hard/-903medium/32094soft"
21986,"0hard/-902medium/32094soft"
22052,"0hard/-902medium/32584soft"
22087,"0hard/-902medium/32903soft"
22323,"0hard/-901medium/32903soft"
22397,"0hard/-901medium/32943soft"
22430,"0hard/-900medium/32943soft"
22496,"0hard/-900medium/32944soft"
22531,"0hard/-900medium/32945soft"
22647,"0hard/-899medium/32775soft"
22677,"0hard/-898medium/32775soft"
22742,"0hard/-898medium/32845soft"
22780,"0hard/-897medium/32845soft"
22814,"0hard/-896medium/32675soft"
22844,"0hard/-896medium/32695soft"
22878,"0hard/-895medium/32695soft"
22917,"0hard/-895medium/33226soft"
22989,"0hard/-894medium/33236soft"
23028,"0hard/-894medium/33586soft"
23063,"0hard/-893medium/33586soft"
23098,"0hard/-893medium/33656soft"
23169,"0hard/-893medium/34036soft"
23212,"0hard/-893medium/34576soft"
23251,"0hard/-893medium/34586soft"
23285,"0hard/-893medium/34636soft"
23317,"0hard/-892medium/34466soft"
23393,"0hard/-892medium/34478soft"
23436,"0hard/-892medium/34647soft"
23471,"0hard/-892medium/34658soft"
23542,"0hard/-891medium/34657soft"
23579,"0hard/-891medium/34677soft"
23621,"0hard/-891medium/34678soft"
23694,"0hard/-890medium/34678soft"
23761,"0hard/-889medium/34508soft"
23882,"0hard/-889medium/34518soft"
23955,"0hard/-889medium/34888soft"
23990,"0hard/-889medium/35300soft"
24025,"0hard/-889medium/35760soft"
24070,"0hard/-889medium/35761soft"
24109,"0hard/-889medium/35762soft"
24216,"0hard/-889medium/35773soft"
24446,"0hard/-889medium/35774soft"
24614,"0hard/-889medium/35785soft"
24726,"0hard/-889medium/36145soft"
24771,"0hard/-888medium/36145soft"
24812,"0hard/-887medium/35975soft"
24852,"0hard/-887medium/36157soft"
24891,"0hard/-887medium/36266soft"
25156,"0hard/-887medium/36267soft"
25200,"0hard/-887medium/36677soft"
25308,"0hard/-887medium/36846soft"
25699,"0hard/-887medium/36866soft"
25734,"0hard/-887medium/36867soft"
25803,"0hard/-887medium/36868soft"
25841,"0hard/-886medium/36698soft"
25888,"0hard/-886medium/36758soft"
25928,"0hard/-886medium/36769soft"
26001,"0hard/-886medium/36770soft"
26162,"0hard/-886medium/36775soft"
26235,"0hard/-886medium/36844soft"
26351,"0hard/-886medium/37254soft"
26386,"0hard/-885medium/37254soft"
26494,"0hard/-885medium/37265soft"
26579,"0hard/-885medium/37276soft"
26654,"0hard/-884medium/37286soft"
26731,"0hard/-884medium/37686soft"
27086,"0hard/-884medium/37706soft"
27160,"0hard/-883medium/37706soft"
27275,"0hard/-883medium/37746soft"
27352,"0hard/-882medium/37746soft"
27555,"0hard/-882medium/37796soft"
27593,"0hard/-881medium/37626soft"
27628,"0hard/-880medium/37626soft"
27800,"0hard/-880medium/37805soft"
27883,"0hard/-879medium/37805soft"
27926,"0hard/-879medium/38225soft"
28081,"0hard/-879medium/38625soft"
28207,"0hard/-878medium/38626soft"
28245,"0hard/-877medium/38626soft"
28284,"0hard/-876medium/38627soft"
28322,"0hard/-876medium/38797soft"
28401,"0hard/-875medium/38797soft"
28483,"0hard/-875medium/38808soft"
28519,"0hard/-874medium/38638soft"
28555,"0hard/-874medium/38649soft"
28594,"0hard/-873medium/38649soft"
28640,"0hard/-873medium/38650soft"
28719,"0hard/-873medium/38661soft"
28868,"0hard/-873medium/38741soft"
28952,"0hard/-873medium/39172soft"
28991,"0hard/-873medium/39342soft"
29031,"0hard/-873medium/39363soft"
29107,"0hard/-872medium/39363soft"
29150,"0hard/-872medium/39373soft"
29538,"0hard/-872medium/39383soft"
29578,"0hard/-872medium/39423soft"
29702,"0hard/-871medium/39253soft"
29741,"0hard/-871medium/39264soft"
29822,"0hard/-870medium/39264soft"
29904,"0hard/-870medium/39444soft"
29948,"0hard/-870medium/39494soft"
29988,"0hard/-870medium/39505soft"
30024,"0hard/-870medium/39555soft"
30070,"0hard/-870medium/39964soft"
30150,"0hard/-870medium/39984soft"
30188,"0hard/-870medium/39995soft"
30314,"0hard/-870medium/39997soft"
30389,"0hard/-870medium/40007soft"
30531,"0hard/-870medium/40458soft"
30608,"0hard/-870medium/40619soft"
30646,"0hard/-869medium/40649soft"
30695,"0hard/-868medium/40644soft"
30737,"0hard/-868medium/40694soft"
30777,"0hard/-867medium/40695soft"
30864,"0hard/-866medium/40696soft"
30958,"0hard/-865medium/40526soft"
31001,"0hard/-865medium/40527soft"
31039,"0hard/-865medium/40547soft"
31077,"0hard/-865medium/40987soft"
31124,"0hard/-865medium/40988soft"
31171,"0hard/-865medium/41098soft"
31254,"0hard/-865medium/41109soft"
31347,"0hard/-865medium/41119soft"
31469,"0hard/-865medium/41639soft"
31639,"0hard/-865medium/41649soft"
31680,"0hard/-865medium/41654soft"
31984,"0hard/-865medium/41665soft"
32147,"0hard/-864medium/41665soft"
32194,"0hard/-864medium/41706soft"
32276,"0hard/-863medium/41536soft"
32321,"0hard/-863medium/41546soft"
32406,"0hard/-863medium/41557soft"
32490,"0hard/-863medium/41558soft"
32704,"0hard/-862medium/41558soft"
32797,"0hard/-862medium/41727soft"
32886,"0hard/-861medium/41727soft"
33005,"0hard/-861medium/41738soft"
33098,"0hard/-861medium/41739soft"
33180,"0hard/-861medium/41748soft"
33315,"0hard/-861medium/41806soft"
33355,"0hard/-861medium/42286soft"
33395,"0hard/-861medium/42296soft"
33487,"0hard/-861medium/42336soft"
33528,"0hard/-860medium/42346soft"
33574,"0hard/-860medium/42356soft"
33617,"0hard/-860medium/42416soft"
34063,"0hard/-860medium/42466soft"
34115,"0hard/-860medium/42467soft"
34162,"0hard/-860medium/42957soft"
34210,"0hard/-860medium/42968soft"
34252,"0hard/-860medium/42969soft"
34387,"0hard/-859medium/42969soft"
34605,"0hard/-858medium/42799soft"
34649,"0hard/-858medium/42879soft"
34840,"0hard/-858medium/42880soft"
34971,"0hard/-857medium/42880soft"
35064,"0hard/-857medium/42890soft"
35233,"0hard/-856medium/42720soft"
35282,"0hard/-856medium/42721soft"
35365,"0hard/-855medium/42721soft"
35411,"0hard/-855medium/43071soft"
35591,"0hard/-855medium/43072soft"
35727,"0hard/-855medium/43083soft"
35768,"0hard/-854medium/43083soft"
35897,"0hard/-854medium/43084soft"
35947,"0hard/-853medium/43084soft"
36034,"0hard/-852medium/43094soft"
36120,"0hard/-852medium/43095soft"
36212,"0hard/-851medium/43095soft"
36394,"0hard/-850medium/43095soft"
36481,"0hard/-850medium/43105soft"
36523,"0hard/-850medium/43274soft"
36571,"0hard/-850medium/43275soft"
36672,"0hard/-850medium/43285soft"
36759,"0hard/-850medium/43355soft"
36903,"0hard/-849medium/43355soft"
36947,"0hard/-848medium/43354soft"
36990,"0hard/-848medium/43363soft"
37043,"0hard/-847medium/43193soft"
37089,"0hard/-847medium/43194soft"
37179,"0hard/-847medium/43195soft"
37267,"0hard/-847medium/43196soft"
37316,"0hard/-847medium/43365soft"
37492,"0hard/-847medium/43445soft"
37580,"0hard/-847medium/43446soft"
37624,"0hard/-847medium/43886soft"
37663,"0hard/-847medium/43907soft"
37758,"0hard/-847medium/43918soft"
37842,"0hard/-847medium/43929soft"
37882,"0hard/-846medium/43756soft"
37929,"0hard/-846medium/43777soft"
37983,"0hard/-846medium/43778soft"
38062,"0hard/-846medium/43878soft"
38333,"0hard/-846medium/43881soft"
38425,"0hard/-845medium/43881soft"
38470,"0hard/-845medium/44252soft"
38655,"0hard/-844medium/44037soft"
38695,"0hard/-844medium/44079soft"
38739,"0hard/-844medium/44256soft"
38825,"0hard/-843medium/44257soft"
38871,"0hard/-843medium/44347soft"
38961,"0hard/-843medium/44857soft"
39006,"0hard/-843medium/45377soft"
39192,"0hard/-843medium/45446soft"
39239,"0hard/-843medium/45452soft"
39566,"0hard/-843medium/45894soft"
39701,"0hard/-842medium/45895soft"
39750,"0hard/-841medium/45895soft"
39848,"0hard/-841medium/45930soft"
39937,"0hard/-841medium/45931soft"
40405,"0hard/-840medium/45931soft"
40455,"0hard/-840medium/45932soft"
40732,"0hard/-840medium/45942soft"
40776,"0hard/-839medium/45934soft"
40967,"0hard/-839medium/45936soft"
41011,"0hard/-839medium/45970soft"
41107,"0hard/-838medium/45801soft"
41205,"0hard/-838medium/45890soft"
41298,"0hard/-837medium/45892soft"
41390,"0hard/-837medium/46354soft"
41534,"0hard/-837medium/46356soft"
41639,"0hard/-836medium/46356soft"
41728,"0hard/-836medium/46357soft"
41776,"0hard/-836medium/46366soft"
41822,"0hard/-836medium/46547soft"
42109,"0hard/-835medium/46330soft"
42160,"0hard/-834medium/46330soft"
42299,"0hard/-834medium/46378soft"
42347,"0hard/-833medium/46378soft"
42444,"0hard/-832medium/46378soft"
42585,"0hard/-832medium/46388soft"
42635,"0hard/-832medium/46422soft"
42684,"0hard/-832medium/46592soft"
42732,"0hard/-832medium/46660soft"
42836,"0hard/-831medium/46671soft"
42886,"0hard/-831medium/46771soft"
42934,"0hard/-831medium/46806soft"
43079,"0hard/-831medium/46807soft"
43268,"0hard/-831medium/47277soft"
43319,"0hard/-831medium/47288soft"
43419,"0hard/-831medium/47299soft"
43470,"0hard/-831medium/47469soft"
43712,"0hard/-831medium/47470soft"
43756,"0hard/-831medium/47480soft"
43947,"0hard/-831medium/47481soft"
44058,"0hard/-830medium/47481soft"
44151,"0hard/-829medium/47312soft"
44387,"0hard/-829medium/47481soft"
44478,"0hard/-829medium/47581soft"
44583,"0hard/-828medium/47581soft"
44678,"0hard/-827medium/47412soft"
44775,"0hard/-827medium/47413soft"
44825,"0hard/-827medium/47463soft"
44871,"0hard/-826medium/47294soft"
44915,"0hard/-826medium/47913soft"
44957,"0hard/-825medium/47913soft"
45117,"0hard/-825medium/48001soft"
45163,"0hard/-825medium/48012soft"
45210,"0hard/-825medium/48023soft"
45262,"0hard/-824medium/48023soft"
45355,"0hard/-824medium/48043soft"
45406,"0hard/-824medium/48212soft"
45561,"0hard/-824medium/48703soft"
45703,"0hard/-824medium/48962soft"
45845,"0hard/-824medium/48973soft"
45891,"0hard/-824medium/49063soft"
45944,"0hard/-824medium/49073soft"
46049,"0hard/-823medium/48904soft"
46094,"0hard/-823medium/48914soft"
46140,"0hard/-823medium/48915soft"
46394,"0hard/-823medium/48926soft"
46448,"0hard/-822medium/49026soft"
46499,"0hard/-822medium/49047soft"
46598,"0hard/-822medium/49048soft"
46646,"0hard/-822medium/49578soft"
46757,"0hard/-822medium/49582soft"
46805,"0hard/-822medium/49583soft"
46850,"0hard/-821medium/49583soft"
46896,"0hard/-821medium/49603soft"
47051,"0hard/-821medium/49625soft"
47151,"0hard/-821medium/49626soft"
47206,"0hard/-820medium/49627soft"
47254,"0hard/-820medium/49638soft"
47461,"0hard/-819medium/49638soft"
47599,"0hard/-818medium/49638soft"
47654,"0hard/-818medium/49639soft"
47703,"0hard/-818medium/49649soft"
47845,"0hard/-818medium/49659soft"
47898,"0hard/-818medium/49669soft"
48067,"0hard/-817medium/49670soft"
48168,"0hard/-816medium/49670soft"
48217,"0hard/-816medium/49760soft"
48266,"0hard/-816medium/49805soft"
48317,"0hard/-816medium/50275soft"
48429,"0hard/-816medium/50296soft"
48632,"0hard/-816medium/50302soft"
48728,"0hard/-815medium/50132soft"
48778,"0hard/-815medium/50133soft"
48878,"0hard/-815medium/50233soft"
48929,"0hard/-815medium/50234soft"
48992,"0hard/-815medium/50404soft"
49055,"0hard/-815medium/50513soft"
49261,"0hard/-815medium/50533soft"
49417,"0hard/-815medium/50549soft"
49620,"0hard/-815medium/50579soft"
49678,"0hard/-815medium/50668soft"
49729,"0hard/-815medium/50678soft"
49777,"0hard/-815medium/50687soft"
49984,"0hard/-814medium/50687soft"
50060,"0hard/-814medium/50747soft"
50161,"0hard/-814medium/50748soft"
50208,"0hard/-814medium/50828soft"
50257,"0hard/-813medium/50828soft"
50310,"0hard/-813medium/50838soft"
50358,"0hard/-813medium/50849soft"
50761,"0hard/-812medium/50679soft"
50871,"0hard/-812medium/50848soft"
50977,"0hard/-812medium/50859soft"
51085,"0hard/-812medium/50861soft"
51135,"0hard/-812medium/50971soft"
51183,"0hard/-811medium/50802soft"
51296,"0hard/-811medium/50803soft"
51604,"0hard/-811medium/50807soft"
51866,"0hard/-811medium/50818soft"
51921,"0hard/-811medium/50819soft"
52019,"0hard/-810medium/50648soft"
52066,"0hard/-810medium/50829soft"
52125,"0hard/-810medium/50834soft"
52225,"0hard/-810medium/50838soft"
52327,"0hard/-810medium/50848soft"
52385,"0hard/-810medium/50928soft"
52436,"0hard/-810medium/50934soft"
52592,"0hard/-810medium/50974soft"
52641,"0hard/-809medium/50965soft"
52740,"0hard/-809medium/50966soft"
52846,"0hard/-808medium/50796soft"
53048,"0hard/-808medium/50807soft"
53095,"0hard/-808medium/50809soft"
53144,"0hard/-808medium/51009soft"
53306,"0hard/-808medium/51019soft"
53407,"0hard/-808medium/51028soft"
53665,"0hard/-808medium/51038soft"
53721,"0hard/-808medium/51039soft"
53769,"0hard/-807medium/51033soft"
53972,"0hard/-807medium/51038soft"
54077,"0hard/-807medium/51042soft"
54136,"0hard/-807medium/51043soft"
54189,"0hard/-807medium/51047soft"
54300,"0hard/-806medium/50877soft"
54554,"0hard/-806medium/50932soft"
54604,"0hard/-806medium/50934soft"
54961,"0hard/-806medium/50944soft"
55013,"0hard/-806medium/50945soft"
55064,"0hard/-806medium/50956soft"
55286,"0hard/-806medium/51136soft"
55342,"0hard/-806medium/51137soft"
55392,"0hard/-805medium/51137soft"
55442,"0hard/-804medium/51137soft"
55495,"0hard/-803medium/50967soft"
55546,"0hard/-802medium/50798soft"
55604,"0hard/-802medium/50805soft"
55959,"0hard/-802medium/51005soft"
56017,"0hard/-802medium/51013soft"
56066,"0hard/-801medium/51013soft"
56171,"0hard/-801medium/51016soft"
56273,"0hard/-801medium/51025soft"
56491,"0hard/-801medium/51026soft"
56542,"0hard/-801medium/51527soft"
56710,"0hard/-801medium/51627soft"
56762,"0hard/-801medium/51642soft"
56814,"0hard/-801medium/51652soft"
56868,"0hard/-800medium/51659soft"
56925,"0hard/-800medium/51669soft"
56978,"0hard/-800medium/52149soft"
57147,"0hard/-800medium/52158soft"
57348,"0hard/-799medium/52158soft"
57403,"0hard/-799medium/52159soft"
57612,"0hard/-798medium/52159soft"
58192,"0hard/-798medium/52649soft"
58247,"0hard/-798medium/52650soft"
58297,"0hard/-798medium/52670soft"
58452,"0hard/-798medium/52680soft"
58510,"0hard/-797medium/52510soft"
58623,"0hard/-797medium/52550soft"
58781,"0hard/-796medium/52550soft"
58837,"0hard/-796medium/53006soft"
58947,"0hard/-796medium/53176soft"
59153,"0hard/-796medium/53177soft"
59265,"0hard/-796medium/53187soft"
59316,"0hard/-796medium/53199soft"
59371,"0hard/-796medium/53243soft"
59751,"0hard/-795medium/53243soft"
59855,"0hard/-795medium/53252soft"
59914,"0hard/-795medium/53588soft"
60020,"0hard/-795medium/53601soft"
60074,"0hard/-795medium/53611soft"
60231,"0hard/-794medium/53440soft"
60285,"0hard/-794medium/53460soft"
60563,"0hard/-794medium/53636soft"
60664,"0hard/-794medium/53642soft"
60771,"0hard/-793medium/53682soft"
60923,"0hard/-793medium/53892soft"
61031,"0hard/-793medium/53913soft"
61254,"0hard/-793medium/54307soft"
61372,"0hard/-793medium/54308soft"
61434,"0hard/-793medium/54318soft"
61487,"0hard/-792medium/54318soft"
61539,"0hard/-792medium/54329soft"
61602,"0hard/-792medium/54520soft"
61664,"0hard/-792medium/54530soft"
61776,"0hard/-792medium/54531soft"
61995,"0hard/-792medium/54997soft"
62055,"0hard/-792medium/55007soft"
62224,"0hard/-792medium/55057soft"
62829,"0hard/-791medium/55057soft"
62883,"0hard/-791medium/55087soft"
62996,"0hard/-791medium/55118soft"
63050,"0hard/-791medium/55158soft"
63103,"0hard/-791medium/55217soft"
63329,"0hard/-791medium/55287soft"
63616,"0hard/-791medium/55288soft"
64005,"0hard/-790medium/55288soft"
64414,"0hard/-790medium/55289soft"
64463,"0hard/-789medium/55289soft"
64701,"0hard/-788medium/55289soft"
64762,"0hard/-787medium/55290soft"
64817,"0hard/-786medium/55290soft"
64871,"0hard/-786medium/55291soft"
65155,"0hard/-786medium/55292soft"
65213,"0hard/-786medium/55302soft"
65268,"0hard/-785medium/55302soft"
65380,"0hard/-785medium/55312soft"
65559,"0hard/-784medium/55312soft"
66063,"0hard/-783medium/55332soft"
66115,"0hard/-783medium/55343soft"
66287,"0hard/-783medium/55413soft"
66398,"0hard/-783medium/55419soft"
66455,"0hard/-783medium/55420soft"
66507,"0hard/-783medium/55430soft"
66621,"0hard/-783medium/55441soft"
66728,"0hard/-783medium/55451soft"
66841,"0hard/-782medium/55451soft"
66893,"0hard/-781medium/55451soft"
67009,"0hard/-781medium/55458soft"
67125,"0hard/-781medium/55459soft"
67178,"0hard/-781medium/55469soft"
67232,"0hard/-780medium/55469soft"
67395,"0hard/-780medium/55999soft"
67453,"0hard/-780medium/56009soft"
67527,"0hard/-780medium/56189soft"
67640,"0hard/-780medium/56190soft"
67700,"0hard/-780medium/56195soft"
67761,"0hard/-779medium/56026soft"
67819,"0hard/-779medium/56027soft"
67934,"0hard/-779medium/56517soft"
68000,"0hard/-779medium/56587soft"
68055,"0hard/-779medium/56766soft"
68110,"0hard/-779medium/56816soft"
68226,"0hard/-779medium/56825soft"
68566,"0hard/-778medium/56825soft"
68857,"0hard/-777medium/56655soft"
68976,"0hard/-777medium/56945soft"
69211,"0hard/-776medium/56945soft"
69317,"0hard/-776medium/56964soft"
69611,"0hard/-775medium/56964soft"
69668,"0hard/-774medium/56964soft"
69949,"0hard/-774medium/56965soft"
70004,"0hard/-774medium/56969soft"
70228,"0hard/-773medium/56969soft"
70287,"0hard/-773medium/56970soft"
70404,"0hard/-773medium/56979soft"
70465,"0hard/-772medium/56980soft"
70577,"0hard/-772medium/57000soft"
70867,"0hard/-772medium/57034soft"
70922,"0hard/-772medium/57064soft"
71036,"0hard/-772medium/57065soft"
71332,"0hard/-772medium/57066soft"
71508,"0hard/-772medium/57231soft"
71569,"0hard/-772medium/57335soft"
71754,"0hard/-772medium/57336soft"
71806,"0hard/-771medium/57336soft"
71869,"0hard/-770medium/57338soft"
72092,"0hard/-769medium/57338soft"
72673,"0hard/-769medium/57344soft"
73253,"0hard/-769medium/57354soft"
73311,"0hard/-769medium/57365soft"
73672,"0hard/-769medium/57445soft"
73912,"0hard/-769medium/57450soft"
74089,"0hard/-769medium/57990soft"
74386,"0hard/-769medium/58001soft"
74450,"0hard/-769medium/58011soft"
74630,"0hard/-768medium/58011soft"
74689,"0hard/-768medium/58020soft"
75104,"0hard/-768medium/58520soft"
75229,"0hard/-768medium/58521soft"
75286,"0hard/-767medium/58521soft"
75579,"0hard/-767medium/58526soft"
75697,"0hard/-767medium/58536soft"
75894,"0hard/-767medium/58537soft"
75953,"0hard/-766medium/58537soft"
76071,"0hard/-765medium/58537soft"
76251,"0hard/-765medium/58637soft"
76549,"0hard/-765medium/58648soft"
76668,"0hard/-765medium/58729soft"
76734,"0hard/-765medium/58749soft"
76791,"0hard/-764medium/58749soft"
76917,"0hard/-764medium/58789soft"
77040,"0hard/-764medium/58799soft"
77105,"0hard/-764medium/58800soft"
77162,"0hard/-764medium/58940soft"
77224,"0hard/-764medium/58944soft"
77342,"0hard/-763medium/58945soft"
77463,"0hard/-763medium/58954soft"
77525,"0hard/-763medium/58984soft"
77701,"0hard/-762medium/58985soft"
78075,"0hard/-762medium/59065soft"
78433,"0hard/-762medium/59070soft"
78573,"0hard/-761medium/59070soft"
78633,"0hard/-760medium/58900soft"
78691,"0hard/-760medium/58910soft"
78749,"0hard/-760medium/58920soft"
78872,"0hard/-759medium/58920soft"
79246,"0hard/-759medium/58921soft"
79313,"0hard/-759medium/58951soft"
79437,"0hard/-759medium/59051soft"
79496,"0hard/-759medium/59071soft"
79680,"0hard/-759medium/59072soft"
79931,"0hard/-758medium/59072soft"
79987,"0hard/-757medium/59072soft"
80056,"0hard/-757medium/59073soft"
80123,"0hard/-757medium/59083soft"
80179,"0hard/-757medium/59123soft"
80472,"0hard/-756medium/59123soft"
80596,"0hard/-756medium/59124soft"
80652,"0hard/-756medium/59129soft"
80710,"0hard/-755medium/59129soft"
81016,"0hard/-755medium/59139soft"
81075,"0hard/-754medium/59139soft"
81441,"0hard/-754medium/59149soft"
81503,"0hard/-754medium/59159soft"
81568,"0hard/-754medium/59160soft"
81743,"0hard/-754medium/59167soft"
81928,"0hard/-754medium/59177soft"
81991,"0hard/-753medium/59178soft"
82412,"0hard/-752medium/59179soft"
82539,"0hard/-752medium/59180soft"
82779,"0hard/-752medium/59189soft"
82833,"0hard/-752medium/59209soft"
82888,"0hard/-752medium/59210soft"
82949,"0hard/-751medium/59211soft"
83142,"0hard/-750medium/59200soft"
83324,"0hard/-750medium/59270soft"
83386,"0hard/-749medium/59270soft"
83453,"0hard/-749medium/59290soft"
83571,"0hard/-749medium/59411soft"
83693,"0hard/-748medium/59411soft"
83871,"0hard/-748medium/59532soft"
83998,"0hard/-747medium/59532soft"
84055,"0hard/-746medium/59532soft"
84113,"0hard/-746medium/59533soft"
84173,"0hard/-746medium/59733soft"
84238,"0hard/-746medium/59823soft"
84301,"0hard/-746medium/59834soft"
84617,"0hard/-746medium/59864soft"
84741,"0hard/-746medium/59934soft"
84985,"0hard/-746medium/60424soft"
85100,"0hard/-745medium/60426soft"
85338,"0hard/-745medium/60436soft"
85403,"0hard/-745medium/60437soft"
85512,"0hard/-745medium/60438soft"
85697,"0hard/-745medium/60439soft"
85826,"0hard/-745medium/60479soft"
85892,"0hard/-745medium/60489soft"
85954,"0hard/-745medium/60499soft"
86094,"0hard/-744medium/60499soft"
86572,"0hard/-744medium/60500soft"
86634,"0hard/-744medium/60560soft"
86691,"0hard/-744medium/60575soft"
86882,"0hard/-744medium/60577soft"
87130,"0hard/-743medium/60577soft"
87193,"0hard/-742medium/60577soft"
87312,"0hard/-742medium/60579soft"
87371,"0hard/-742medium/60709soft"
87435,"0hard/-742medium/61239soft"
87688,"0hard/-742medium/61243soft"
87756,"0hard/-742medium/61244soft"
87816,"0hard/-742medium/61245soft"
87875,"0hard/-741medium/61245soft"
87930,"0hard/-741medium/61275soft"
87996,"0hard/-741medium/61295soft"
88312,"0hard/-741medium/61314soft"
88432,"0hard/-741medium/62014soft"
88808,"0hard/-740medium/62015soft"
89165,"0hard/-740medium/62016soft"
89295,"0hard/-740medium/62017soft"
89481,"0hard/-739medium/62018soft"
89548,"0hard/-739medium/62019soft"
89610,"0hard/-739medium/62026soft"
89733,"0hard/-739medium/62041soft"
89986,"0hard/-739medium/62091soft"
90416,"0hard/-739medium/62101soft"
90548,"0hard/-739medium/62102soft"
90865,"0hard/-739medium/62112soft"
90991,"0hard/-739medium/62121soft"
91185,"0hard/-739medium/62131soft"
91247,"0hard/-739medium/62141soft"
91379,"0hard/-739medium/62152soft"
91842,"0hard/-739medium/62702soft"
92089,"0hard/-739medium/62713soft"
92729,"0hard/-739medium/62732soft"
92796,"0hard/-739medium/62733soft"
93112,"0hard/-739medium/62763soft"
93172,"0hard/-739medium/62893soft"
93296,"0hard/-739medium/62943soft"
93364,"0hard/-739medium/62963soft"
93803,"0hard/-738medium/62963soft"
93869,"0hard/-738medium/62964soft"
94245,"0hard/-737medium/62964soft"
94306,"0hard/-736medium/62964soft"
94376,"0hard/-736medium/62984soft"
94647,"0hard/-736medium/63054soft"
94709,"0hard/-736medium/63055soft"
95081,"0hard/-736medium/63065soft"
95209,"0hard/-736medium/63075soft"
96037,"0hard/-735medium/63075soft"
96103,"0hard/-735medium/63086soft"
96236,"0hard/-734medium/63086soft"
96440,"0hard/-733medium/63086soft"
97145,"0hard/-732medium/63086soft"
97209,"0hard/-732medium/63106soft"
97273,"0hard/-732medium/63107soft"
97409,"0hard/-731medium/63106soft"
97474,"0hard/-730medium/63107soft"
97600,"0hard/-730medium/63127soft"
97798,"0hard/-729medium/63128soft"
97858,"0hard/-728medium/63139soft"
98059,"0hard/-728medium/63140soft"
98126,"0hard/-728medium/63269soft"
98196,"0hard/-728medium/63280soft"
98388,"0hard/-728medium/63281soft"
98848,"0hard/-728medium/63290soft"
98972,"0hard/-728medium/63300soft"
99033,"0hard/-727medium/63311soft"
99092,"0hard/-727medium/63319soft"
99411,"0hard/-726medium/63317soft"
99472,"0hard/-726medium/63327soft"
99662,"0hard/-725medium/63328soft"
99994,"0hard/-725medium/63329soft"
100174,"0hard/-725medium/63340soft"
100238,"0hard/-725medium/63359soft"
100366,"0hard/-725medium/63370soft"
100935,"0hard/-725medium/63377soft"
101010,"0hard/-725medium/63411soft"
101190,"0hard/-725medium/63415soft"
101433,"0hard/-725medium/63416soft"
101564,"0hard/-725medium/63476soft"
101632,"0hard/-725medium/63477soft"
101773,"0hard/-725medium/63482soft"
102030,"0hard/-725medium/63497soft"
102156,"0hard/-725medium/63507soft"
102220,"0hard/-725medium/63518soft"
102357,"0hard/-725medium/63528soft"
102482,"0hard/-725medium/63539soft"
102553,"0hard/-725medium/63618soft"
102619,"0hard/-725medium/63708soft"
102745,"0hard/-724medium/63707soft"
102946,"0hard/-724medium/63709soft"
103196,"0hard/-724medium/63714soft"
103328,"0hard/-723medium/63714soft"
103847,"0hard/-723medium/63715soft"
104297,"0hard/-722medium/63713soft"
104500,"0hard/-721medium/63713soft"
104645,"0hard/-721medium/63715soft"
104707,"0hard/-721medium/63724soft"
104769,"0hard/-721medium/63725soft"
105555,"0hard/-720medium/63726soft"
105880,"0hard/-719medium/63726soft"
106006,"0hard/-719medium/63727soft"
106261,"0hard/-719medium/63735soft"
106457,"0hard/-719medium/63736soft"
106523,"0hard/-719medium/63806soft"
106732,"0hard/-719medium/63822soft"
106995,"0hard/-719medium/63823soft"
107384,"0hard/-719medium/63953soft"
107769,"0hard/-719medium/63993soft"
107831,"0hard/-719medium/63994soft"
108100,"0hard/-718medium/63994soft"
108300,"0hard/-718medium/64012soft"
108495,"0hard/-717medium/64012soft"
108559,"0hard/-717medium/64014soft"
108954,"0hard/-716medium/64014soft"
109174,"0hard/-716medium/64015soft"
109240,"0hard/-716medium/64016soft"
110099,"0hard/-716medium/64026soft"
110360,"0hard/-715medium/64026soft"
110441,"0hard/-715medium/64035soft"
110500,"0hard/-715medium/64045soft"
110624,"0hard/-715medium/64048soft"
110910,"0hard/-715medium/64049soft"
110983,"0hard/-715medium/64059soft"
111052,"0hard/-715medium/64060soft"
111182,"0hard/-715medium/64088soft"
111584,"0hard/-715medium/64093soft"
111650,"0hard/-715medium/64173soft"
112375,"0hard/-714medium/64174soft"
112441,"0hard/-714medium/64204soft"
112972,"0hard/-714medium/64205soft"
113111,"0hard/-714medium/64216soft"
113175,"0hard/-714medium/64236soft"
113508,"0hard/-714medium/64246soft"
113579,"0hard/-714medium/64265soft"
113708,"0hard/-714medium/64266soft"
113913,"0hard/-713medium/64266soft"
113981,"0hard/-713medium/64267soft"
114044,"0hard/-713medium/64282soft"
114577,"0hard/-712medium/64292soft"
114845,"0hard/-711medium/64293soft"
116429,"0hard/-711medium/64304soft"
116496,"0hard/-711medium/64324soft"
116842,"0hard/-710medium/64325soft"
116992,"0hard/-710medium/64331soft"
117127,"0hard/-709medium/64331soft"
117712,"0hard/-709medium/64341soft"
117920,"0hard/-709medium/64342soft"
118325,"0hard/-709medium/64357soft"
118595,"0hard/-708medium/64357soft"
118657,"0hard/-708medium/64358soft"
119055,"0hard/-707medium/64357soft"
119883,"0hard/-707medium/64368soft"
120159,"0hard/-707medium/64389soft"
120297,"0hard/-706medium/64389soft"
120686,"0hard/-706medium/64399soft"
120751,"0hard/-706medium/64400soft"
122491,"0hard/-705medium/64400soft"
122810,"0hard/-704medium/64398soft"
122880,"0hard/-703medium/64398soft"
122950,"0hard/-703medium/64408soft"
123171,"0hard/-703medium/64411soft"
123304,"0hard/-703medium/64412soft"
124113,"0hard/-702medium/64412soft"
124381,"0hard/-701medium/64412soft"
124727,"0hard/-701medium/64413soft"
124926,"0hard/-701medium/64423soft"
124996,"0hard/-701medium/64453soft"
125194,"0hard/-701medium/64463soft"
125257,"0hard/-701medium/64482soft"
125393,"0hard/-701medium/64492soft"
125521,"0hard/-701medium/64502soft"
125667,"0hard/-700medium/64502soft"
125731,"0hard/-700medium/64503soft"
126009,"0hard/-700medium/64514soft"
126083,"0hard/-700medium/64515soft"
126154,"0hard/-700medium/64522soft"
126432,"0hard/-700medium/64531soft"
126502,"0hard/-700medium/64560soft"
126776,"0hard/-699medium/64560soft"
126836,"0hard/-699medium/64580soft"
126904,"0hard/-699medium/64601soft"
127116,"0hard/-699medium/64612soft"
127253,"0hard/-698medium/64613soft"
127316,"0hard/-697medium/64613soft"
127452,"0hard/-696medium/64614soft"
128058,"0hard/-696medium/64754soft"
128326,"0hard/-696medium/64764soft"
128478,"0hard/-696medium/64774soft"
128747,"0hard/-695medium/64774soft"
129146,"0hard/-695medium/64775soft"
129298,"0hard/-695medium/64776soft"
129367,"0hard/-695medium/64786soft"
129436,"0hard/-694medium/64786soft"
129652,"0hard/-694medium/64787soft"
130057,"0hard/-694medium/64797soft"
130128,"0hard/-694medium/64808soft"
130472,"0hard/-693medium/64808soft"
130541,"0hard/-693medium/64945soft"
130936,"0hard/-693medium/64956soft"
131078,"0hard/-693medium/64976soft"
131147,"0hard/-693medium/64996soft"
131216,"0hard/-693medium/64997soft"
131286,"0hard/-693medium/65012soft"
131487,"0hard/-693medium/65022soft"
131551,"0hard/-693medium/65023soft"
131763,"0hard/-693medium/65024soft"
131910,"0hard/-693medium/65044soft"
132243,"0hard/-693medium/65084soft"
132389,"0hard/-693medium/65085soft"
132596,"0hard/-693medium/65086soft"
132999,"0hard/-693medium/65105soft"
133067,"0hard/-693medium/65115soft"
133203,"0hard/-693medium/65125soft"
133474,"0hard/-693medium/65130soft"
133617,"0hard/-693medium/65141soft"
133828,"0hard/-693medium/65151soft"
133965,"0hard/-693medium/65202soft"
134034,"0hard/-693medium/65217soft"
134989,"0hard/-693medium/65228soft"
135127,"0hard/-693medium/65238soft"
135329,"0hard/-693medium/65244soft"
135412,"0hard/-692medium/65244soft"
135552,"0hard/-692medium/65263soft"
135684,"0hard/-692medium/65274soft"
135830,"0hard/-691medium/65271soft"
135969,"0hard/-691medium/65292soft"
136039,"0hard/-691medium/65302soft"
136243,"0hard/-691medium/65303soft"
136459,"0hard/-691medium/65332soft"
136528,"0hard/-691medium/65343soft"
137157,"0hard/-690medium/65343soft"
137436,"0hard/-689medium/65343soft"
138055,"0hard/-688medium/65344soft"
138328,"0hard/-688medium/65360soft"
138610,"0hard/-688medium/65370soft"
138677,"0hard/-688medium/65373soft"
139101,"0hard/-688medium/65383soft"
139304,"0hard/-688medium/65384soft"
139372,"0hard/-687medium/65405soft"
139585,"0hard/-687medium/65415soft"
139655,"0hard/-686medium/65415soft"
139932,"0hard/-686medium/65484soft"
140001,"0hard/-686medium/65485soft"
140411,"0hard/-685medium/65485soft"
140476,"0hard/-685medium/65504soft"
140618,"0hard/-684medium/65504soft"
140818,"0hard/-683medium/65524soft"
141172,"0hard/-682medium/65521soft"
141311,"0hard/-682medium/65524soft"
141515,"0hard/-681medium/65525soft"
141740,"0hard/-680medium/65524soft"
141884,"0hard/-680medium/65525soft"
142023,"0hard/-679medium/65525soft"
142092,"0hard/-679medium/65554soft"
142305,"0hard/-679medium/65564soft"
142375,"0hard/-679medium/65565soft"
142513,"0hard/-679medium/65566soft"
142584,"0hard/-679medium/65571soft"
142647,"0hard/-679medium/65572soft"
142717,"0hard/-679medium/65612soft"
142788,"0hard/-679medium/65614soft"
142999,"0hard/-678medium/65614soft"
143067,"0hard/-678medium/65623soft"
143335,"0hard/-678medium/65633soft"
143479,"0hard/-677medium/65633soft"
143823,"0hard/-677medium/65653soft"
144656,"0hard/-676medium/65653soft"
144873,"0hard/-676medium/65662soft"
144941,"0hard/-676medium/65667soft"
145007,"0hard/-676medium/65677soft"
145075,"0hard/-676medium/65687soft"
145218,"0hard/-676medium/65707soft"
145354,"0hard/-676medium/65736soft"
145428,"0hard/-675medium/65736soft"
145550,"0hard/-675medium/65756soft"
145628,"0hard/-675medium/65757soft"
145763,"0hard/-675medium/65822soft"
145831,"0hard/-675medium/65830soft"
145975,"0hard/-675medium/65840soft"
146042,"0hard/-675medium/65845soft"
146174,"0hard/-674medium/65846soft"
146315,"0hard/-673medium/65846soft"
147351,"0hard/-673medium/65856soft"
147653,"0hard/-673medium/65917soft"
147802,"0hard/-673medium/65957soft"
148006,"0hard/-673medium/65958soft"
148143,"0hard/-673medium/65959soft"
148284,"0hard/-673medium/66039soft"
148421,"0hard/-673medium/66040soft"
148490,"0hard/-673medium/66051soft"
148694,"0hard/-673medium/66061soft"
148768,"0hard/-673medium/66070soft"
148904,"0hard/-673medium/66079soft"
149180,"0hard/-673medium/66089soft"
149662,"0hard/-673medium/66099soft"
149953,"0hard/-673medium/66102soft"
150238,"0hard/-672medium/66103soft"
150955,"0hard/-672medium/66113soft"
151532,"0hard/-672medium/66132soft"
151608,"0hard/-672medium/66162soft"
151832,"0hard/-672medium/66163soft"
152202,"0hard/-672medium/66165soft"
152357,"0hard/-672medium/66166soft"
152787,"0hard/-672medium/66176soft"
152861,"0hard/-672medium/66186soft"
153002,"0hard/-672medium/66206soft"
153151,"0hard/-671medium/66207soft"
153733,"0hard/-671medium/66208soft"
153806,"0hard/-671medium/66212soft"
154342,"0hard/-670medium/66212soft"
154636,"0hard/-670medium/66213soft"
155648,"0hard/-669medium/66213soft"
156309,"0hard/-669medium/66263soft"
157199,"0hard/-669medium/66274soft"
157342,"0hard/-668medium/66274soft"
157635,"0hard/-668medium/66294soft"
157785,"0hard/-668medium/66320soft"
157869,"0hard/-667medium/66320soft"
157940,"0hard/-667medium/66326soft"
158086,"0hard/-666medium/66327soft"
158157,"0hard/-666medium/66328soft"
158511,"0hard/-666medium/66331soft"
158587,"0hard/-666medium/66340soft"
158871,"0hard/-666medium/66395soft"
159083,"0hard/-665medium/66395soft"
159803,"0hard/-664medium/66395soft"
159873,"0hard/-664medium/66396soft"
159952,"0hard/-664medium/66436soft"
160390,"0hard/-664medium/66486soft"
160675,"0hard/-663medium/66486soft"
160815,"0hard/-663medium/66487soft"
160884,"0hard/-663medium/66488soft"
161024,"0hard/-663medium/66497soft"
161097,"0hard/-662medium/66507soft"
161448,"0hard/-662medium/66517soft"
161523,"0hard/-662medium/66518soft"
161747,"0hard/-662medium/66548soft"
162343,"0hard/-662medium/66549soft"
162697,"0hard/-662medium/66568soft"
163004,"0hard/-662medium/66569soft"
163226,"0hard/-661medium/66569soft"
163372,"0hard/-661medium/66574soft"
163448,"0hard/-660medium/66574soft"
163959,"0hard/-660medium/66594soft"
164106,"0hard/-660medium/66599soft"
164463,"0hard/-659medium/66610soft"
164531,"0hard/-659medium/66619soft"
164757,"0hard/-659medium/66626soft"
165197,"0hard/-659medium/66636soft"
165272,"0hard/-659medium/66637soft"
165348,"0hard/-659medium/66646soft"
167029,"0hard/-658medium/66646soft"
167242,"0hard/-658medium/66656soft"
167682,"0hard/-657medium/66656soft"
167830,"0hard/-656medium/66657soft"
167982,"0hard/-656medium/66706soft"
168445,"0hard/-656medium/66707soft"
168518,"0hard/-656medium/66708soft"
168884,"0hard/-656medium/66719soft"
169075,"0hard/-656medium/66720soft"
169514,"0hard/-656medium/66726soft"
169668,"0hard/-656medium/66736soft"
169983,"0hard/-656medium/66797soft"
170273,"0hard/-655medium/66794soft"
170726,"0hard/-655medium/66795soft"
170875,"0hard/-654medium/66795soft"
171397,"0hard/-654medium/66845soft"
171845,"0hard/-654medium/66861soft"
172382,"0hard/-653medium/66862soft"
172614,"0hard/-653medium/66871soft"
173137,"0hard/-653medium/66891soft"
173516,"0hard/-653medium/66895soft"
173954,"0hard/-652medium/66897soft"
174111,"0hard/-652medium/66903soft"
175254,"0hard/-652medium/66904soft"
175320,"0hard/-652medium/66915soft"
175628,"0hard/-652medium/67004soft"
175769,"0hard/-651medium/67005soft"
176065,"0hard/-651medium/67015soft"
176515,"0hard/-651medium/67055soft"
176665,"0hard/-651medium/67063soft"
177115,"0hard/-651medium/67064soft"
177576,"0hard/-650medium/67064soft"
177726,"0hard/-650medium/67080soft"
177876,"0hard/-649medium/67074soft"
177952,"0hard/-649medium/67075soft"
178022,"0hard/-649medium/67095soft"
178339,"0hard/-649medium/67101soft"
178417,"0hard/-649medium/67104soft"
178493,"0hard/-649medium/67115soft"
178819,"0hard/-649medium/67116soft"
178888,"0hard/-649medium/67126soft"
179417,"0hard/-648medium/67126soft"
179650,"0hard/-647medium/67126soft"
179953,"0hard/-646medium/67127soft"
180024,"0hard/-646medium/67128soft"
180096,"0hard/-646medium/67137soft"
180175,"0hard/-646medium/67156soft"
180316,"0hard/-645medium/67156soft"
180761,"0hard/-644medium/67156soft"
180913,"0hard/-644medium/67166soft"
180986,"0hard/-644medium/67205soft"
181358,"0hard/-644medium/67206soft"
182102,"0hard/-644medium/67216soft"
182175,"0hard/-644medium/67246soft"
182776,"0hard/-644medium/67257soft"
184334,"0hard/-643medium/67257soft"
184493,"0hard/-642medium/67258soft"
185027,"0hard/-641medium/67258soft"
185481,"0hard/-641medium/67277soft"
186080,"0hard/-641medium/67286soft"
186828,"0hard/-640medium/67286soft"
186979,"0hard/-640medium/67287soft"
187123,"0hard/-640medium/67297soft"
187274,"0hard/-640medium/67298soft"
187825,"0hard/-640medium/67309soft"
187972,"0hard/-640medium/67310soft"
188339,"0hard/-639medium/67310soft"
188415,"0hard/-639medium/67311soft"
188491,"0hard/-639medium/67320soft"
189876,"0hard/-639medium/67330soft"
191053,"0hard/-639medium/67331soft"
191894,"0hard/-639medium/67333soft"
192520,"0hard/-638medium/67333soft"
192674,"0hard/-638medium/67334soft"
192908,"0hard/-638medium/67344soft"
193382,"0hard/-638medium/67345soft"
193462,"0hard/-638medium/67355soft"
193618,"0hard/-638medium/67359soft"
193694,"0hard/-637medium/67360soft"
193946,"0hard/-637medium/67388soft"
194246,"0hard/-637medium/67397soft"
194560,"0hard/-637medium/67407soft"
195957,"0hard/-637medium/67408soft"
196910,"0hard/-636medium/67408soft"
196985,"0hard/-636medium/67413soft"
197061,"0hard/-635medium/67413soft"
197380,"0hard/-635medium/67414soft"
197843,"0hard/-635medium/67424soft"
198464,"0hard/-635medium/67475soft"
199950,"0hard/-635medium/67476soft"
200030,"0hard/-634medium/67477soft"
201028,"0hard/-634medium/67496soft"
201352,"0hard/-634medium/67497soft"
202279,"0hard/-633medium/67497soft"
202527,"0hard/-633medium/67498soft"
203559,"0hard/-632medium/67499soft"
203800,"0hard/-631medium/67500soft"
204579,"0hard/-631medium/67501soft"
204900,"0hard/-631medium/67511soft"
206201,"0hard/-631medium/67521soft"
206583,"0hard/-631medium/67541soft"
208575,"0hard/-631medium/67561soft"
209378,"0hard/-631medium/67571soft"
209473,"0hard/-631medium/67599soft"
210117,"0hard/-630medium/67599soft"
210287,"0hard/-630medium/67600soft"
211483,"0hard/-630medium/67619soft"
211558,"0hard/-630medium/67620soft"
211721,"0hard/-630medium/67631soft"
211971,"0hard/-630medium/67661soft"
212378,"0hard/-630medium/67665soft"
213258,"0hard/-629medium/67665soft"
213421,"0hard/-629medium/67670soft"
214075,"0hard/-629medium/67680soft"
214478,"0hard/-628medium/67740soft"
216116,"0hard/-628medium/67745soft"
216190,"0hard/-627medium/67745soft"
217317,"0hard/-627medium/67756soft"
217392,"0hard/-627medium/67757soft"
218176,"0hard/-627medium/67767soft"
218257,"0hard/-627medium/67777soft"
218430,"0hard/-626medium/67777soft"
218897,"0hard/-626medium/67787soft"
219131,"0hard/-625medium/67787soft"
220103,"0hard/-625medium/67788soft"
220596,"0hard/-624medium/67790soft"
220922,"0hard/-624medium/67799soft"
221176,"0hard/-623medium/67800soft"
222002,"0hard/-623medium/67808soft"
222161,"0hard/-623medium/67809soft"
222471,"0hard/-623medium/67810soft"
222876,"0hard/-623medium/67870soft"
223036,"0hard/-623medium/67871soft"
223355,"0hard/-623medium/67891soft"
223435,"0hard/-623medium/67892soft"
223755,"0hard/-623medium/67902soft"
223905,"0hard/-623medium/67911soft"
223990,"0hard/-623medium/67912soft"
224781,"0hard/-623medium/67921soft"
225023,"0hard/-623medium/67922soft"
226540,"0hard/-623medium/67942soft"
226946,"0hard/-623medium/67952soft"
227425,"0hard/-623medium/67957soft"
227507,"0hard/-623medium/67958soft"
230297,"0hard/-622medium/67958soft"
230625,"0hard/-622medium/67959soft"
231911,"0hard/-622medium/67969soft"
232623,"0hard/-621medium/67979soft"
233273,"0hard/-621medium/67994soft"
235298,"0hard/-621medium/68002soft"
235782,"0hard/-621medium/68005soft"
236264,"0hard/-621medium/68015soft"
237659,"0hard/-620medium/68016soft"
238229,"0hard/-619medium/68016soft"
238548,"0hard/-619medium/68023soft"
238876,"0hard/-618medium/68024soft"
239179,"0hard/-618medium/68034soft"
241041,"0hard/-618medium/68044soft"
241282,"0hard/-617medium/68044soft"
241517,"0hard/-617medium/68049soft"
241762,"0hard/-617medium/68059soft"
244865,"0hard/-617medium/68060soft"
245523,"0hard/-616medium/68059soft"
245941,"0hard/-615medium/68060soft"
246196,"0hard/-615medium/68062soft"
246521,"0hard/-615medium/68063soft"
247934,"0hard/-615medium/68083soft"
248183,"0hard/-615medium/68086soft"
248598,"0hard/-615medium/68097soft"
249174,"0hard/-615medium/68137soft"
249821,"0hard/-615medium/68142soft"
252160,"0hard/-614medium/68142soft"
252338,"0hard/-614medium/68145soft"
252587,"0hard/-613medium/68145soft"
253836,"0hard/-612medium/68145soft"
254085,"0hard/-611medium/68147soft"
254243,"0hard/-611medium/68156soft"
254486,"0hard/-611medium/68157soft"
254899,"0hard/-611medium/68159soft"
256061,"0hard/-611medium/68189soft"
256960,"0hard/-611medium/68199soft"
259357,"0hard/-611medium/68205soft"
259875,"0hard/-611medium/68206soft"
260548,"0hard/-611medium/68214soft"
260880,"0hard/-611medium/68226soft"
261458,"0hard/-611medium/68227soft"
262111,"0hard/-610medium/68227soft"
262512,"0hard/-610medium/68229soft"
263743,"0hard/-610medium/68238soft"
264145,"0hard/-609medium/68238soft"
265172,"0hard/-609medium/68248soft"
267822,"0hard/-608medium/68248soft"
267907,"0hard/-607medium/68249soft"
268396,"0hard/-607medium/68250soft"
269943,"0hard/-607medium/68251soft"
272060,"0hard/-607medium/68301soft"
273318,"0hard/-607medium/68302soft"
274004,"0hard/-607medium/68312soft"
274936,"0hard/-607medium/68322soft"
275530,"0hard/-607medium/68422soft"
276131,"0hard/-606medium/68423soft"
277074,"0hard/-606medium/68443soft"
277685,"0hard/-605medium/68443soft"
284803,"0hard/-605medium/68463soft"
286748,"0hard/-605medium/68473soft"
286916,"0hard/-605medium/68475soft"
287586,"0hard/-605medium/68485soft"
292063,"0hard/-604medium/68485soft"
294489,"0hard/-603medium/68485soft"
294749,"0hard/-603medium/68486soft"
294994,"0hard/-602medium/68486soft"
297538,"0hard/-601medium/68486soft"
297955,"0hard/-601medium/68487soft"
298635,"0hard/-601medium/68488soft"
299733,"0hard/-601medium/68489soft"
